oid	pearl1	pearl2	pearl3	pearl4	pearl5	pearl6	pearl7	pearl8	pearl9	pearl10	pearl11	pearl12	pearl13
s	i	i	i	i	i	i	i	i	i	i	i	i	i
17213990156	225	225	100	100	100	75	75	75	50	50	100	100	100
19680823290	100	150	150	150
22959100730	100	100
22978681238	100	100	100
23726703799	50	50
24303629137	50	50	50
29402040788	75	75	75
31045033564	100	100
32295485352	150	150
32892897576	50
33707862623	50	50	50	50	50	50
34485383515	75	75	75	75
34496158133	50	50	75	75	75	100	150	150	150	150
34805447688	25
36147865231	75
38394755449	75	75	75
38776498104	225	225
