OBJ_ID	LOC_X	LOC_Y	LOC_Z	PLANET	BUILDING	DELAY	POP	TYPE	RADIUS	SCRIPTS	SENTINEL	PLANET_LEVEL
s	c	c	c	c	c	f	i	s	f	s	i[1]	i[1]
937372	-5481.981445	39.77449417	5820.475098	talus	0	1800	1	roba_female			0	
937373	-5476.138184	41.15850067	5821.533203	talus	0	1800	1	roba_male			0	
937374	-5679.596191	7.126534462	5285.858398	talus	0	1800	3	guf_drolg			0	
937375	-5226.410645	48.62862778	4596.662598	talus	0	2700	1	huf_dun_bull			0	
937376	-5218.80127	48.52596664	4603.691895	talus	0	2700	3	huf_dun			0	
937378	-4989.039551	41.92709351	5755.796875	talus	0	3600	1	sickly_decay_mite_queen			0	
937379	-4977.848145	42.67858124	5754.895996	talus	0	3600	4	oozing_dung_royal_guardian			0	
937381	-4597.109863	40.43139267	5701.308594	talus	0	3600	5	hilltop_kima			0	
937395	-5143.265625	36.77075958	3705.025635	talus	0	3600	5	puss_covered_decay_mite_soldier			0	
937396	-4759.855469	15.79618073	3932.915039	talus	0	1800	3	wolf_kima			0	
937397	-4460.375977	6.354609966	4064.202881	talus	0	2700	4	beserk_kahmurra			0	
937398	-4067.331055	36.30018234	3662.695313	talus	0	3600	1	binayre_chief			0	
937399	-4069.008057	35.99457932	3669.616211	talus	0	3600	3	binayre_pirate			0	
937400	-4021.08667	30.06835938	4621.344238	talus	0	3600	2	aakuan_sentinal			0	
1094858	-3194.31665	50.10965729	4758.004883	talus	0	3600	4	rebel_specforce_guerrilla			0
1094859	-3332.3396	76.3720932	5170.76416	talus	0	3600	4	binayre_pirate			0
1094904	-3631.881348	56.4973526	6328.000488	talus	0	3600	3	scientist			0
1094905	-3635.025146	56.44189072	6327.269043	talus	0	3600	5	bodyguard			0
1094907	-3448.852051	43.47202301	6187.27002	talus	0	3600	2	smuggler			0
1094910	-3491.279297	39.99070358	3701.20166	talus	0	7200	1	greater_sludge_panther			0
1094931	-5114.332031	19.60744476	3219.208008	talus	0	7200	1	sickly_decay_mite_queen			0
1094932	-5117.463379	17.58282852	3205.9375	talus	0	1800	2	putrid_decay_mite_hatchling			0
1094933	-5120.634766	19.54989243	3222.974854	talus	0	7200	2	oozing_dung_royal_guardian			0
1094934	-5143.298828	19.10380173	3236.037842	talus	0	3600	2	puss_covered_decay_mite_soldier			0
1094935	-5150.415527	13.0139637	3192.601807	talus	0	3600	2	puss_covered_decay_mite_soldier			0
1094939	-3012.706787	0.870356798	1949.04126	talus	0	7200	1	hermit			0
1795386	-1397.154785	22.38784981	2118.893799	talus	0	3600	3	sludge_panther			0
1795390	-100.8973083	73.300354	2603.956787	talus	0	7200	2	lost_aqualish_warrior			0
2035823	-5097.893555	9.33403492	1266.564697	talus	0	3600	4	wolf_kima			0
2035824	-4001.908447	1.364015222	971.4399414	talus	0	3600	2	vicious_huf_dun			0
2035846	-2253.597656	5.459028721	897.9490356	talus	0	3600	2	sludge_panther			0
2035847	-2256.950195	5.265366554	900.6912842	talus	0	3600	1	minor_sludge_panther			0
2035861	-1836.10437	7.920475006	1433.414185	talus	0	7200	1	chadra_fan_assassin			0
2035864	-567.0602417	53.49504089	1272.769531	talus	0	3600	2	binayre_smuggler			0
2035865	-54.26329803	7.620039463	979.8873291	talus	0	100	1	thug			0
2035866	82.42375183	11.53751659	1580.189697	talus	0	3600	1	tortur_bull			0
2035867	609.906311	43.17323303	1111.46875	talus	0	3600	1	pathfinder			0
2035868	618.3359375	40.85476685	1087.864746	talus	0	3600	2	warder			0
2035873	1112.965332	58.30381393	1487.976074	talus	0	3600	4	puss_covered_decay_mite_soldier			0
2035874	1731.603394	6.809379101	777.859375	talus	0	2700	4	binayre_pirate			0
2035875	3214.757568	8.435930252	1259.736328	talus	0	2700	3	scout_trooper			0
2035876	-4475.024414	24.32635307	56.07921982	talus	0	3600	2	mutated_kahmurra			0
2035878	-3682.286133	35.35825729	-543.3479004	talus	0	3600	3	aakuan_keeper			0
2035879	-3676.999023	35.00649261	-554.0487061	talus	0	3600	1	aakuan_guardian			0
2035882	-2595.226074	47.01256561	101.2522583	talus	0	3600	4	rebel_commando			0
2035886	-127.0373077	2.583880424	325.4968567	talus	0	3600	4	highwayman			0
2365961	3101.344482	65.92173004	-4063.308838	talus	0	3600	4	specforce_marine			0
2365962	3089.875488	65.86437988	-4017.901367	talus	0	3600	1	specforce_wilderness_operative			0
2365967	5173.181152	32.14442825	-1738.560913	talus	0	3600	1	crazed_roba			0
2365968	4842.208496	94.00777435	-4729.865234	talus	0	3600	8	fynock			0
2365970	5965.840332	2.182086468	-1190.701416	talus	0	3600	3	stormtrooper_rifleman			0
2365971	5964.97998	2.188790083	-1184.885132	talus	0	3600	1	imperial_warrant_officer_i			0
2365972	5981.087402	3.485009193	-1205.620605	talus	0	3600	1	stormtrooper_sniper			0
2735722	4199.27832	6	985.9266357	talus	0	600	5	sludge_panther			0
2735723	4219.385254	6	1012.165039	talus	0	600	3	greater_sludge_panther			0
2735724	4191.01123	6	1008.062073	talus	0	1200	1	famished_sludge_panther			0
2735725	4287.962891	6	998.0838623	talus	0	600	5	sludge_panther			0
2735726	4300.749023	6	1029.528687	talus	0	600	3	greater_sludge_panther			0
2735727	4147.169434	6	943.2241821	talus	0	600	5	greater_sludge_panther			0
2735728	4122.621582	6	976.6589355	talus	0	600	4	sludge_panther			0
2735729	4285.960449	35.59963989	886.6026001	talus	0	600	5	beserk_kahmurra			0
2735730	4265.25	6	1011.819763	talus	0	1200	1	famished_sludge_panther			0
2735731	4145.135254	6	983.5565186	talus	0	1200	1	famished_sludge_panther			0
2735770	4096.186035	8.27038765	-55.45182419	talus	0	3600	1	comm_operator			0
2735771	4096.145996	8.4820261	-48.01603317	talus	0	3600	2	rebel_scout			0
2735772	5473.74707	43.03320313	1097.494629	talus	0	1800	4	woodland_kima			0
2735775	1725.782593	22.90419769	1626.424194	talus	0	1800	3	stormtrooper_rifleman			0
2735777	2340.563232	38.83329391	2932.723633	talus	0	4400	6	sleemo_scamp			0
2735778	3889.646484	29.87112999	3392.413818	talus	0	4400	2	frontiersman			0
2735779	3880.929443	30.04353142	3390.068604	talus	0	4400	1	warder			0
2735783	2381.786133	125.0358963	-4995.115723	talus	0	3600	4	specops_trooper			0
2735790	1116.615723	26.90047455	-1771.717529	talus	0	3600	1	pathfinder			0
2735791	13.82386112	6.143342495	-902.6409912	talus	0	3600	4	lost_aqualish_warrior			0
2735806	-6024.07373	66.57561493	-1185.96936	talus	0	1800	2	scout_trooper			0
2735810	-4555.496582	140.34198	-2903.247559	talus	0	3600	2	liberation_patriot			0
2735816	-4915.922852	4.486914635	-4498.274414	talus	0	3600	2	farmer_agriculturalist			0
2735817	-4909.060059	4.022790909	-4497.921875	talus	0	3600	3	mercenary			0
2735818	-3383.055664	38.16680145	-6016.875488	talus	0	3600	1	lost_aqualish_marksman			0
2735819	-3365.834473	32.2374649	-3812.112061	talus	0	3600	2	binayre_smuggler			0
2735824	-2722.355957	33.3350563	-2265.009033	talus	0	3600	2	lost_aqualish_scout			0
2735825	-3151.394531	5.355751514	-926.847229	talus	0	7200	2	warder			0
2735826	-1727.563721	17.66672325	-2885.560059	talus	0	3600	1	glutted_fynock_queen			0
2735827	-1732.098999	18.06607628	-2883.220215	talus	0	3600	2	frenzied_fynock_guardian			0
2735828	5407.536621	57.28503036	2662.193115	talus	0	3600	4	kahmurra			0
2735829	4971.398926	63.88387299	3847.529785	talus	0	7200	1	tortur_bull			0
2735830	5350.723633	1.081386805	4544.202637	talus	0	3600	1	lost_aqualish_scout			0
2735836	5438.078125	141.2090759	5581.09668	talus	0	3600	2	hilltop_kima			0
2735837	1638.140381	7	5435.90332	talus	0	3600	1	crazed_roba			0
4045497	-4799.135254	16.63035393	-4752.816406	talus	0	1800	1	genetically_enhanced_kahmurra			0
4045498	-4776.746582	16.87041664	-4751.615234	talus	0	1800	4	mutated_kahmurra			0
4255663	-91.98376465	-100.9019623	-100.1148071	talus	4255650	1750	1	lost_aqualish_warchief			0
4255664	-86.80597687	-100.6684875	-104.2630615	talus	4255650	1750	1	lost_aqualish_marshal			0
4255666	-93.75730896	-101.4779358	-116.1830215	talus	4255650	1000	2	lost_aqualish_captain			0
4255667	-84.17442322	-100.8061066	-145.4263916	talus	4255647	900	4	lost_aqualish_infiltrator			0
4255668	-81.17242432	-99.86177063	-148.5387421	talus	4255647	1000	1	lost_aqualish_captain			0
4255669	-26.72798157	-79.85562134	-146.5392151	talus	4255649	900	4	lost_aqualish_infiltrator			0
4255670	-42.39928818	-70.16447449	-85.7911377	talus	4255648	900	3	lost_aqualish_infiltrator			0
4255671	-37.65234756	-70.79502869	-87.31014252	talus	4255648	1000	1	lost_aqualish_captain			0
4255672	-60.45444107	-68.36779022	-106.6271362	talus	4255648	900	3	lost_aqualish_infiltrator			0
4255673	-91.40705109	-69.86943054	-97.0716095	talus	4255647	900	2	lost_aqualish_infiltrator			0
4255674	-120.4536514	-68.90339661	-166.3506012	talus	4255647	900	2	lost_aqualish_infiltrator			0
4255675	-121.3457794	-70.02253723	-177.6299896	talus	4255647	900	2	lost_aqualish_bomber			0
4255676	-63.38278961	-70.54878235	-175.3375397	talus	4255647	900	4	lost_aqualish_marksman			0
4255677	-56.2865715	-68.42547607	-108.4740143	talus	4255648	1000	1	lost_aqualish_captain			0
4255678	-62.2950592	-70.36186218	-179.6994934	talus	4255647	900	1	lost_aqualish_infiltrator			0
4255679	-9.930802345	-64.68842316	-199.2921295	talus	4255645	900	4	lost_aqualish_bomber			0
4255680	-13.79383373	-63.87180328	-224.339035	talus	4255646	900	3	lost_aqualish_infiltrator			0
4255681	-14.92686462	-64.87804413	-220.377182	talus	4255646	1000	1	lost_aqualish_captain			0
4255682	-16.92276001	-62.88864136	-261.2215576	talus	4255646	1750	1	lost_aqualish_marshal			0
4255683	-22.45462227	-64.11555481	-254.4197693	talus	4255646	900	4	lost_aqualish_infiltrator			0
4255684	28.4525547	-59.70608139	-184.4706879	talus	4255644	900	2	lost_aqualish_marksman			0
4255685	27.68496132	-60.33555984	-178.7102356	talus	4255644	900	2	lost_aqualish_bomber			0
4255686	64.10400391	-54.8982811	-153.0179291	talus	4255644	900	1	lost_aqualish_infiltrator			0
4255687	49.50608063	-48.18796158	-125.4621887	talus	4255644	900	3	lost_aqualish_marksman			0
4255688	-7.213500023	-44.94205475	-138.2396698	talus	4255644	900	4	lost_aqualish_bomber			0
4255689	46.5635643	-46.4017601	-92.24653625	talus	4255643	900	2	lost_aqualish_marksman			0
4255690	32.81538391	-45.26680756	-52.55526733	talus	4255643	900	2	lost_aqualish_bomber			0
4255691	12.0078783	-40.30416489	-77.77951813	talus	4255642	700	1	lost_aqualish_marksman			0
4255692	7.803809166	-40.70605087	-73.61209106	talus	4255642	700	3	lost_aqualish_commando			0
4255693	-11.12267971	-40.40842056	-60.60403824	talus	4255642	700	4	lost_aqualish_commando			0
4255694	9.569526672	-23.83769608	-26.90782928	talus	4255641	700	3	lost_aqualish_commando			0
4255695	2.625596046	-4.961918831	9.180895805	talus	4255640	700	3	lost_aqualish_commando			0
4255696	-4347.612793	31.01588058	-1418.263306	talus	0	700	4	lost_aqualish_lookout			0
4255697	-4349.983398	30.89863396	-1429.861328	talus	0	700	1	lost_aqualish_commando			0
4255698	-88.69927216	-69.85059357	-99.62054443	talus	4255647	1000	1	lost_aqualish_captain			0
4255699	-30.42871475	-80.05036163	-144.5339355	talus	4255649	1000	1	lost_aqualish_captain			0
4255700	-86.89051819	-102.3076096	-113.9528275	talus	4255650	1000	2	lost_aqualish_infiltrator			0
4795366	-3.953591108	0.25	-0.900969982	talus	4795358	1800	2	mutated_kahmurra			0
4795367	-4.588768005	-6.75	4.958869934	talus	4795360	1800	2	genetically_enhanced_kahmurra			0
4795368	-5.891962051	-6.75	-5.419729233	talus	4795361	1800	1	kahmurra_bio_engineer			0
4795369	-4.583562851	-6.75	-8.943604469	talus	4795361	1800	1	frenzied_kahmurra			0
4795370	8.99630928	-6.766777039	-15.1194582	talus	4795362	1800	2	frenzied_kahmurra			0
4795371	6.39136982	-6.75	-1.771868944	talus	4795363	1800	1	frenzied_kahmurra			0
4795372	6.96626091	-6.758407116	-5.651209831	talus	4795363	1800	2	genetically_enhanced_kahmurra			0
4795373	0.080339	-13.75	-14.16583347	talus	4795365	1800	2	kahmurra_bio_engineer			0
4795374	-5.298241138	-13.75	-14.17193031	talus	4795365	1800	2	kahmurra_bio_engineer			0
4795375	-1.868499994	-13.75	-7.424715042	talus	4795365	1800	1	rabid_mutant_kahmurra			0
4795376	1.089033008	-13.75	-0.728856027	talus	4795365	1800	2	frenzied_kahmurra			0
4795394	5933.706543	40.10958862	4649.494141	talus	0	960	2	aakuan_guardian			0
4795395	24.36626816	-38.96656036	-37.3837204	talus	4255653	960	2	aakuan_defender			0
4795396	93.53656006	-46.4842186	-120.6889954	talus	4255656	960	2	aakuan_warder			0
4795399	43.73418427	-47.09285355	-7.73699522	talus	4255653	360	3	aakuan_keeper			0
4795404	69.80139923	-57.12815857	-9.557297707	talus	4255654	960	2	aakuan_guardian			0
4795405	81.75695801	-63.37779236	-19.60682678	talus	4255654	360	3	aakuan_steward			0
4795407	77.337677	-67.42589569	-34.10686493	talus	4255654	360	3	aakuan_follower			0
4795408	56.34765625	-68.50569916	-38.23338699	talus	4255653	360	2	aakuan_steward			0
4795409	85.23096466	-74.67136383	-53.57055664	talus	4255655	960	2	aakuan_guardian			0
4795410	92.12565613	-76.16103363	-64.28816223	talus	4255655	360	3	aakuan_steward			0
4795411	92.28205872	-76.33778381	-79.79039001	talus	4255655	360	3	aakuan_follower			0
4795412	70.18848419	-66.3608551	-138.4313049	talus	4255658	960	2	aakuan_guardian			0
4795413	138.8653107	-67.28074646	-93.63062286	talus	4255659	960	5	aakuan_spice_guard			0
4795414	112.5011673	-66.85187531	-94.55574036	talus	4255659	360	3	aakuan_steward			0
4795415	153.0077057	-65.90596008	-96.78336334	talus	4255659	960	3	aakuan_warder			0
4795416	186.0705261	-65.3922348	-109.836174	talus	4255660	3600	1	aakuan_assassin			0
4795417	188.7144928	-66.15273285	-98.42041779	talus	4255660	7200	1	aakuan_anarchist			0
4795418	180.4051971	-66.13117981	-96.7529068	talus	4255660	7200	1	aakuan_champion			0
4795419	154.3356476	-65.6965332	-128.2415314	talus	4255659	960	2	aakuan_guardian			0
4795420	53.28898621	-76.02872467	-85.65982056	talus	4255657	960	2	aakuan_warder			0
5625485	2968.464355	16.85173416	6038.482422	talus	0	240	1	corsec_captain			0
5625486	2964.661621	17.50884438	6044.797363	talus	0	120	2	corsec_trooper			0
5625487	3009.731689	19.77526855	6064.567383	talus	0	120	2	corsec_trooper			0
5625488	3014.581543	19.174366	6061.258301	talus	0	120	1	corsec_sergeant			0
5625489	2991.245605	31.75515556	6087.751465	talus	0	120	1	corsec_sergeant			0
5625490	2992.797607	30.4787941	6085.034668	talus	0	120	2	corsec_trooper			0
5625491	3044.976563	31.46933365	6056.285645	talus	0	120	2	corsec_trooper			0
5625492	3041.348145	30.83333969	6055.313477	talus	0	120	1	corsec_sergeant			0
5625493	3006.101807	20.80934906	6071.414551	talus	0	120	2	corsec_trooper			0
5625494	3077.894531	35	6140.215332	talus	0	240	1	flail_butcher			0
5625495	3073.574463	35	6141.729492	talus	0	120	2	flail_cutthroat			0
5625496	3071.996826	42.58821487	6093.750977	talus	0	120	2	flail_cutthroat			0
5625497	3040.31665	34.24194717	6121.264648	talus	0	120	2	flail_cutthroat			0
5625498	3044.177979	33.79756927	6117.80127	talus	0	120	1	flail_enforcer			0
5625499	3063.695313	31.78393936	6104.486816	talus	0	120	1	flail_enforcer			0
5625500	3062.952637	32.24892807	6109.614746	talus	0	120	2	flail_cutthroat			0
5625501	3057.308594	32.42429352	6111.634766	talus	0	120	2	flail_cutthroat			0
5625548	-5527.686035	35.91859436	-4702.487793	talus	0	360	1	giant_decay_mite_soldier			0
5625563	-5515.203613	36.81294632	-4715.948242	talus	0	360	1	giant_decay_mite_soldier			0
5625564	-5555.0625	47.02998352	-4707.262695	talus	0	360	1	giant_decay_mite_soldier			0
5625565	7.2085042	-15.98799801	-25.66410828	talus	5625538	360	1	giant_decay_mite_sentry			0
5625566	0.005503	-32.33545685	-63.37140274	talus	5625539	360	1	giant_decay_mite_protector			0
5625567	15.70345974	-32.05467224	-78.30773163	talus	5625539	360	1	giant_decay_mite_protector			0
5625568	-9.81831646	-32.42348099	-80.83895111	talus	5625539	360	1	giant_decay_mite_protector			0
5625570	48.20251465	-38.57723236	-59.00214386	talus	5625540	360	1	giant_decay_mite_protector			0
5625571	41.42462158	-37.86711884	-63.00692368	talus	5625540	360	1	giant_decay_mite_hatchling			0
5625572	45.87277603	-38.57338333	-90.75582886	talus	5625540	360	1	giant_decay_mite_hatchling			0
5625573	50.05388641	-38.1204567	-96.70098877	talus	5625540	360	1	giant_decay_mite_protector			0
5625574	43.15383148	-38.02160645	-95.17430878	talus	5625540	360	1	giant_decay_mite_hatchling			0
5625576	23.16906166	-37.90839767	-120.7378922	talus	5625541	360	1	giant_decay_mite_sentry			0
5625577	0.181241006	-37.66437149	-148.4380951	talus	5625541	360	1	giant_decay_mite_sentry			0
5625578	-8.579315186	-36.73965836	-140.3091888	talus	5625541	360	1	giant_decay_mite_sentry			0
5625580	50.42071915	-40.03767014	-123.2300568	talus	5625541	360	1	giant_decay_mite_sentry			0
5625581	65.67264557	-46.41248703	-146.6969299	talus	5625541	360	1	giant_decay_mite_sentry			0
5625582	35.85339737	-46.93498993	-150.5284576	talus	5625541	360	1	giant_decay_mite_sentry			0
5625583	54.76221466	-48.87084198	-181.752533	talus	5625541	360	1	giant_decay_mite_sentry			0
5625584	-0.717142999	-55.99822235	-180.8865509	talus	5625542	360	1	giant_decay_mite_sentry			0
5625585	-34.43826675	-58.50653076	-180.3739471	talus	5625542	360	1	giant_decay_mite_soldier			0
5625586	-13.03573322	-57.77652359	-213.0772247	talus	5625543	360	1	giant_decay_mite_protector			0
5625587	0.914936006	-55.44189072	-231.241394	talus	5625543	360	1	giant_decay_mite_hatchling			0
5625588	-7.90370512	-56.71018982	-237.6069031	talus	5625543	360	1	giant_decay_mite_hatchling			0
5625589	-21.78862	-57.51679993	-243.5733795	talus	5625543	360	1	giant_decay_mite_protector			0
5625590	-21.96257401	-55.21954346	-259.6158142	talus	5625543	360	1	giant_decay_mite_hatchling			0
5625592	-57.17860031	-62.11841202	-193.5882874	talus	5625544	360	1	giant_decay_mite_soldier			0
5995642	-69.10141754	-61.73917007	-167.2102051	talus	5625544	360	1	giant_decay_mite_soldier			0
5995643	-95.74284363	-65.32032013	-173.4982758	talus	5625544	360	1	giant_decay_mite_soldier			0
5995644	-121.4875488	-60.77647781	-165.6721802	talus	5625544	360	1	giant_decay_mite_soldier			0
5995645	-100.315918	-62.14962387	-128.713913	talus	5625544	360	1	giant_decay_mite_soldier			0
5995646	-99.67916107	-61.46952057	-100.3300858	talus	5625544	360	1	giant_decay_mite_soldier			0
5995648	-85.56996155	-61.59044647	-100.0322723	talus	5625544	360	1	giant_decay_mite_sentry			0
5995649	-83.27896881	-62.27477646	-90.03805542	talus	5625544	360	1	giant_decay_mite_sentry			0
5995650	-44.79169083	-61.66878128	-86.89694214	talus	5625545	360	1	giant_decay_mite_harvester			0
5995651	-23.33147621	-61.45468521	-95.8249054	talus	5625545	360	1	giant_decay_mite_harvester			0
5995652	-43.2782135	-61.68940353	-108.7522049	talus	5625545	360	1	giant_decay_mite_harvester			0
5995653	-22.11878014	-61.79391479	-88.48472595	talus	5625545	360	1	giant_decay_mite_sentry			0
5995654	-56.78178787	-60.43472672	-112.7712631	talus	5625545	360	1	giant_decay_mite_sentry			0
5995656	-27.08820152	-68.80745697	-129.1269989	talus	5625546	360	1	giant_decay_mite_sentry			0
5995657	-29.01543427	-72.17282867	-148.6483459	talus	5625546	360	1	giant_decay_mite_sentry			0
5995658	-56.8602562	-83.61290741	-145.3990326	talus	5625546	1200	1	giant_decay_mite_royal_guardian			0
5995659	-69.87702942	-89.39801788	-141.392868	talus	5625544	1200	1	giant_decay_mite_royal_guardian			0
5995660	-95.64450073	-94.30455017	-139.3786774	talus	5625544	1200	1	giant_decay_mite_royal_guardian			0
5995661	-102.5158157	-91.65861511	-118.6936417	talus	5625547	1200	1	giant_decay_mite_royal_guardian			0
5995662	-93.96318054	-92.86481476	-107.4468536	talus	5625547	1200	1	giant_decay_mite_royal_guardian			0
5995663	-87.27295685	-91.71017456	-90.5552597	talus	5625547	3600	1	giant_decay_mite_queen			0
6725427	5567.605469	102	-4079.782471	talus	0	420	2	binayre_hooligan			0
6725430	3.724330902	0.25	-4.03777504	talus	6075872	420	1	binayre_hooligan			0
6725431	-3.394849777	-3.25	4.81209898	talus	6075874	540	1	binayre_scalawag			0
6725432	4.569571018	-6.75	-4.679909229	talus	6075875	540	2	binayre_scalawag			0
6725433	4.490561962	-10.25	-18.42971611	talus	6075876	660	1	binayre_ruffian			0
6725434	-2.522160769	-13.74996853	-6.409002304	talus	6075877	660	1	binayre_ruffian			0
6725435	-5.842591763	-13.74992466	3.453552961	talus	6075877	780	1	binayre_pirate			0
6725437	3.178743839	-13.75841522	11.65006447	talus	6075878	780	3	binayre_pirate			0
6725438	15.67673874	-13.75841522	9.060009956	talus	6075879	900	1	binayre_smuggler			0
6725439	13.91795826	-13.75841522	0.265667319	talus	6075879	1020	1	binayre_swindler			0
6725440	15.46966171	-13.75839043	-10.66317558	talus	6075880	1020	1	binayre_swindler			0
6725441	13.69102573	-11.5	-20.85014343	talus	6075880	1800	1	binayre_chief			0
7955587	1406.563843	29	1446.330933	talus	0	300	3	chunker_pest	5		0
7955588	1375.417969	29	1425.995972	talus	0	300	3	chunker_pest	5		0
7955589	1356.362793	29	1446.010986	talus	0	300	3	chunker_pest	5		0
7955591	3.593663931	0.25	-3.439145088	talus	7955554	400	2	chunker_goon	5		0
7955592	-0.189156115	-12	27.3652668	talus	7955555	300	3	chunker_pest	5		0
7955593	2.29735899	-12	35.41218185	talus	7955555	400	3	chunker_goon	5		0
7955594	31.57564926	-12	27.91512871	talus	7955556	400	3	chunker_goon	5		0
7955595	27.48551941	-12	34.67854309	talus	7955556	300	3	chunker_pest	5		0
7955596	8.975063324	-16	63.40990448	talus	7955558	400	3	chunker_goon	5		0
7955597	8.732824326	-16	57.6341095	talus	7955558	400	3	chunker_creep	5		0
7955598	-1.383754969	-16	57.78627777	talus	7955558	400	3	chunker_goon	5		0
7955599	-16.54318047	-16	75.31769562	talus	7955558	600	3	chunker_bruiser	5		0
7955600	-7.101514816	-16	83.2026825	talus	7955558	400	3	chunker_creep	5		0
7955601	23.43591118	-16	82.42191315	talus	7955558	600	3	chunker_bruiser	5		0
7955602	14.8675518	-16	73.47532654	talus	7955558	400	3	chunker_creep	5		0
7955603	3.867193937	-16	78.03227234	talus	7955558	400	3	chunker_goon	5		0
7955604	-39.31139755	-14	75.98274994	talus	7955575	600	1	chunker_braggart	5		0
7955605	-37.82942581	-14	83.02407837	talus	7955575	600	1	chunker_braggart	5		0
7955607	69.70594025	-16	59.38240051	talus	7955574	400	3	chunker_goon	5		0
7955608	46.75170517	-16	83.0488205	talus	7955574	400	3	chunker_goon	5		0
7955609	69.19122314	-16	82.65000153	talus	7955574	600	3	chunker_bruiser	5		0
7955610	44.67613602	-16	59.72563171	talus	7955574	600	3	chunker_bruiser	5		0
7955611	57.21185684	-16	65.48631287	talus	7955574	600	1	chunker_braggart	5		0
7955612	57.15291595	-16	75.34399414	talus	7955574	400	3	chunker_creep	5		0
7955614	80.43599701	-16	64.17997742	talus	7955574	600	3	chunker_bruiser	5		0
7955615	1369.505615	29	1465.609497	talus	0	400	3	chunker_goon	5		0
7955658	49.48148727	-38.08644867	-97.02376556	talus	5625519	645	2	decay_mite	2		0
7955659	40.82062912	-37.97650146	-98.59532928	talus	5625519	898	1	rot_mite	2		0
7955661	39.96088028	-38.14746475	-70.2447052	talus	5625519	623	2	putrid_decay_mite_hatchling	2		0
7955662	-7.75360918	-36.81530762	-139.2320251	talus	5625520	1120	2	minor_sludge_panther	2		0
7955664	-2.07823205	-37.37294006	-144.1902618	talus	5625520	1243	1	sludge_panther			0
7955665	56.71136856	-46.23115158	-146.2991638	talus	5625520	787	3	feared_fynock_youth	3		0
7955666	35.65994644	-49.551754	-164.2745209	talus	5625520	676	1	fynock			0
7955667	46.36907578	-48.29925537	-180.8490906	talus	5625520	100	1	thug			0
7955668	30.15527534	-52.00235367	-179.0259247	talus	5625520	798	3	feared_fynock_youth	3		0
7955669	65.03727722	-50.22257233	-165.9891968	talus	5625520	877	2	clipped_fynock	2		0
7955672	-8.56923008	-56.0837059	-231.7608337	talus	5625522	1654	1	guf_drolg			0
7955673	-22.34544945	-55.36290359	-258.3942261	talus	5625522	1637	1	guf_drolg_female			0
7955674	-13.64868927	-57.72854614	-216.3155518	talus	5625522	1546	2	minor_guf_drolg	2		0
7955679	-63.32756424	-62.00380325	-171.5874634	talus	5625523	1121	2	fynock	2		0
7955680	-66.97163391	-61.93906784	-196.6476288	talus	5625523	876	3	feared_fynock_youth	3		0
7955681	-116.1328354	-61.66143036	-200.1785431	talus	5625523	878	3	clipped_fynock	3		0
7955682	-121.0903625	-61.41876602	-171.4468384	talus	5625523	1369	2	fynock	2		0
7955683	-97.36960602	-62.11678314	-105.4257736	talus	5625523	1656	1	glutted_fynock_queen			0
7955684	-100.446846	-62.22541428	-127.6606445	talus	5625523	1344	2	frenzied_fynock_guardian	2		0
7955685	-52.72211075	-60.70991516	-97.86663818	talus	5625524	3709	1	giant_fynock			0
7955700	-8.029870033	-60.33172607	-96.64725494	talus	5625524	1655	2	frenzied_fynock_guardian	2		0
7955701	-44.3776207	-61.90538025	-84.30979156	talus	5625524	1735	3	clipped_fynock	3		0
7955702	-45.89970398	-61.26646423	-111.478775	talus	5625524	1576	2	fynock	2		0
7955704	-85.2294693	-93.14299774	-142.4465027	talus	5625523	2102	1	frenzied_kahmurra			0
7955705	-92.41686249	-94.43360901	-136.3187103	talus	5625523	1876	1	beserk_kahmurra			0
7955710	-83.49187469	-93.59004211	-112.6937714	talus	5625526	2121	1	beserk_kahmurra			0
7955711	-101.8674622	-91.1027832	-110.9991074	talus	5625526	2002	1	beserk_kahmurra			0
7955712	-91.17292023	-92.6794281	-95.88780975	talus	5625526	3453	1	rabid_mutant_kahmurra			0
9645665	3.830844641	-20	55.0112381	talus	9686163	100	3	senior_specforce_marine			0
9645666	20.16568756	-20	73.56536102	talus	9686163	100	3	senior_specforce_marine			0
9645667	21.94169998	-20	42.20360947	talus	9686163	100	1	rebel_colonel			0
9645668	16.41866112	-20	45.96331406	talus	9686163	100	2	senior_specforce_technician			0
9645669	35.07184601	-20	63.63972855	talus	9686163	100	2	senior_specforce_marine			0
9645670	25.01773262	-20	115.1211777	talus	9686165	100	1	senior_specforce_technician			0
9645671	12.77280045	-20	103.5067749	talus	9686165	100	2	senior_specforce_marine			0
9645672	-5.542125225	-20	127.7024536	talus	9686165	100	2	senior_specforce_marine			0
9645674	48.88333893	-20	36.24433136	talus	9686168	100	2	senior_specforce_technician			0
9645675	52.92602539	-20	22.20171738	talus	9686168	100	2	senior_specforce_technician			0
9645676	67.21419525	-20	35.80804062	talus	9686168	100	2	senior_specforce_technician			0
9645677	68.2516861	-20	57.65409851	talus	9686169	100	4	specops_agent			0
9645696	62.75824738	-50	60.50234604	talus	9686171	100	2	senior_specforce_marine			0
9645697	63.28348923	-50	39.1455307	talus	9686171	100	3	senior_specforce_marine			0
9645699	45.5642128	-50	21.76275635	talus	9686175	100	3	senior_specforce_marine			0
9645700	37.56138229	-50	29.4479351	talus	9686175	100	2	senior_specforce_technician			0
9645701	20.81383133	-50	25.27740097	talus	9686175	100	1	rebel_specforce_general			0
9645702	27.9607029	-50	20.96440315	talus	9686175	100	2	senior_specforce_technician			0
9645703	44.86550522	-50	-0.192077994	talus	9686174	100	3	senior_specforce_technician			0
9645704	63.44344711	-50	1.063928962	talus	9686173	100	2	senior_specforce_marine			0
9645705	32.00809097	-50	72.91566467	talus	9686177	100	1	specforce_lieutenant			0
9645706	14.33521938	-50	86.95629883	talus	9686177	100	2	senior_specforce_technician			0
9645707	15.67384434	-50	61.22123718	talus	9686177	100	2	senior_specforce_technician			0
9645708	25.34725189	-50	76.19380188	talus	9686177	100	3	senior_specforce_marine			0
9645717	-40.16986084	-50	43.1624527	talus	9686179	100	3	senior_specforce_marine			0
9645718	-42.82015228	-50	71.41179657	talus	9686179	100	3	senior_specforce_marine			0
9645719	-75.53394318	-50	56.66461945	talus	9686179	100	5	rebel_commando			0
9645720	-112.4796371	-50	40.89617538	talus	9686179	100	3	senior_specforce_marine			0
9645721	-110.7146759	-50	71.65944672	talus	9686179	100	3	senior_specforce_marine			0
9645722	-38.90859604	-50	1.015581965	talus	9686182	100	2	senior_specforce_technician			0
9645723	-18.14148331	-50	0.897158027	talus	9686182	100	1	rebel_lieutenant_general			0
9645724	-66.45458221	-49.99999619	111.6646576	talus	9686183	100	3	senior_specforce_technician			0
9686028	-2297.262939	20	2260.874023	talus	0	300	1	at_st			0
9686029	-2083.59375	20	2237.566895	talus	0	300	1	at_st			0
9686030	-2160.29834	20	2423.252197	talus	0	300	1	at_st			0
9686300	-4925.338867	66.07276917	-3128.820313	talus	0	100	3	rebel_trooper			0
9686301	-4912.952637	66.08342743	-3119.139893	talus	0	100	3	rebel_trooper			0
9686302	-4911.763184	65.89779663	-3138.097168	talus	0	100	2	rebel_warrant_officer_i			0
9686303	-0.486683995	0.25	2.903386116	talus	9686136	100	2	rebel_trooper			0
9686304	3.334084988	0	1.069125056	talus	9686138	100	1	rebel_warrant_officer_i			0
9686306	20.90746498	-12	33.13076782	talus	9686140	100	3	rebel_trooper			0
9686307	12.78479671	-12	35.26926422	talus	9686140	100	1	rebel_warrant_officer_i			0
9686308	13.9463129	-12	22.93613243	talus	9686140	100	1	rebel_warrant_officer_i			0
9686311	34.54981613	-12	58.98114014	talus	9686143	100	1	rebel_first_lieutenant			0
9686312	54.93506622	-12	55.49638748	talus	9686143	100	2	rebel_warrant_officer_i			0
9686313	45.50208664	-12	59.05189896	talus	9686143	100	3	specops_trooper			0
9686316	2.625431061	-12	59.43024063	talus	9686144	100	3	rebel_trooper			0
9686317	-0.63004303	-12	79.05609131	talus	9686144	100	1	rebel_first_lieutenant			0
9686318	8.203204155	-12	68.71008301	talus	9686144	100	2	rebel_trooper			0
9686320	46.05053711	-20	113.0353928	talus	9686153	100	3	specops_trooper			0
9686321	47.41625595	-20	134.8952179	talus	9686155	100	3	specops_trooper			0
9686322	47.8108902	-20	148.0667725	talus	9686155	100	2	rebel_first_lieutenant			0
9686323	94.7594986	-20	147.0474396	talus	9686158	100	2	specops_trooper			0
9686324	95.03697968	-20	128.2518311	talus	9686159	100	2	specops_trooper			0
9686325	70.19953918	-20	125.8132706	talus	9686162	100	2	specops_trooper			0
9686326	72.52937317	-20	114.3448257	talus	9686161	100	3	specops_trooper			0
9686327	96.96501923	-20	116.2619095	talus	9686160	100	3	specops_trooper			0
9686328	95.83979797	-20	106.506073	talus	9686160	100	1	rebel_specforce_sergeant			0
9686330	3.821384907	-12	112.7982864	talus	9686149	100	3	senior_specforce_technician			0
9686331	0.188777998	-12	108.9806366	talus	9686149	100	1	rebel_army_captain			0
9686332	-10.4905014	-12	101.1185989	talus	9686150	100	2	senior_specforce_technician			0
9686333	-7.038891792	-12	96.61299133	talus	9686150	100	1	rebel_first_lieutenant			0
9686334	18.57356834	-12	103.0614471	talus	9686148	100	2	senior_specforce_technician			0
9686335	13.92494202	-12	96.47279358	talus	9686148	100	1	rebel_first_lieutenant			0
9686339	4988.117676	450.1394653	-6009.440918	talus	0	100	3	detention_security_guard			0
9686340	4970.009766	450.1090088	-6017.91748	talus	0	100	3	detention_security_guard			0
9686341	-0.188210994	0.25	3.152895927	talus	9686210	100	2	detention_security_guard			0
9686343	-1.385617971	-8.989999771	30.48508072	talus	9686212	100	1	imperial_staff_corporal			0
9686344	5.97350502	-8.989999771	22.8454895	talus	9686212	100	3	detention_security_guard			0
9686345	-37.48788834	-8.989999771	26.86686707	talus	9686213	100	2	stormtrooper			0
9686347	-50.50485611	-8.989999771	-5.57345295	talus	9686214	100	3	special_missions_engineer			0
9686348	-51.21661377	-8.989999771	9.098583221	talus	9686214	100	1	imperial_first_lieutenant			0
9686349	-55.442276	-8.989999771	9.931370735	talus	9686214	100	3	detention_security_guard			0
9686350	-78.12084961	-8.989999771	21.70389175	talus	9686214	100	2	imperial_noncom			0
9686351	-55.31186295	-8.989999771	45.53572083	talus	9686214	100	3	detention_security_guard			0
9686352	-53.4942894	-8.989999771	60.92921829	talus	9686214	100	2	imperial_noncom			0
9686353	23.93406868	-16.98999977	66.41413116	talus	9686215	100	2	imperial_staff_corporal			0
9686354	13.13585758	-16.98999977	60.65781021	talus	9686215	100	1	stormtrooper			0
9686355	32.39267731	-16.98999977	60.95774841	talus	9686215	100	1	imperial_high_colonel			0
9686359	-10.44240856	-16.98999977	75.68326569	talus	9686216	100	2	stormtrooper			0
9686360	-68.32601166	-22.99000549	117.3823547	talus	9686219	100	3	detention_security_guard			0
9686361	-67.00805664	-20.99000168	134.1075745	talus	9686219	100	2	detention_security_guard			0
9686362	-66.39474487	-20.98999977	147.5305023	talus	9686219	100	2	imperial_corporal			0
9686367	-44.70457458	-22.98999977	112.5850677	talus	9686217	100	1	imperial_warrant_officer_i			0
9686368	14.9006443	-22.98999977	111.9835587	talus	9686217	100	1	imperial_warrant_officer_i			0
9686369	15.81421185	-22.98999977	202.2993622	talus	9686217	100	1	imperial_warrant_officer_i			0
9686370	-44.90209579	-22.98999977	201.9716644	talus	9686217	100	1	imperial_warrant_officer_i			0
9686371	-13.70749378	-22.98999977	118.8562851	talus	9686217	100	3	stormtrooper			0
9686372	7.602196217	-22.98999977	156.2275543	talus	9686217	100	3	stormtrooper			0
9686373	-15.95449924	-22.98999977	194.2258148	talus	9686217	100	3	stormtrooper			0
9686374	-36.71412277	-22.98999977	155.5399475	talus	9686217	100	3	stormtrooper			0
9686377	32.97826767	-22.99000359	114.0407715	talus	9686218	100	1	detention_security_guard			0
9686378	41.75311279	-22.99000168	114.4256363	talus	9686218	100	1	detention_security_guard			0
9686379	38.13064957	-20.98999977	143.3550568	talus	9686218	100	2	stormtrooper			0
9686380	20.01654243	-22.99000359	223.8378143	talus	9686220	100	1	detention_security_guard			0
9686381	20.15308571	-22.99000168	214.6740112	talus	9686220	100	1	detention_security_guard			0
9686382	47.44397736	-20.98999977	219.1266937	talus	9686220	100	3	stormtrooper			0
9686385	-19.53101349	-22.98999977	229.0927429	talus	9686222	100	2	imperial_army_captain			0
9686386	-3.063103914	-22.98999977	236.2388	talus	9686222	100	3	stormtrooper			0
9686388	-76.48750305	-22.98999977	259.2292175	talus	9686223	100	2	imperial_first_lieutenant			0
9686390	-60.57915878	-22.98999977	259.7217102	talus	9686223	100	2	stormtrooper			0
9686391	-38.91785049	-22.98999977	259.3718262	talus	9686223	100	2	stormtrooper			0
9686392	5.786763191	-22.98999977	255.1299438	talus	9686224	100	4	stormtrooper			0
9686393	-2.670881987	-22.98999977	269.0923157	talus	9686224	100	1	imperial_army_captain			0
9686394	6.705083847	-22.98999977	280.2880249	talus	9686224	100	2	imperial_warrant_officer_i			0
9686396	44.65032959	-22.98999977	257.0565796	talus	9686225	100	2	dark_trooper			0
9686397	40.06533051	-22.98999977	272.3905945	talus	9686225	100	2	dark_trooper			0
9686399	4.85516119	-22.98999977	246.8858337	talus	9686225	100	2	stormtrooper			0
9815494	2151.51709	122	-5612.75	talus	0	360	1	trandoshan_sif			0
9815495	2143.431885	122	-5609.57373	talus	0	360	1	rodian_sif			0
9815496	2166.476318	122	-5628.961426	talus	0	360	1	trandoshan_sif			0
9815497	-3.742991924	0.25	-1.022120953	talus	9815426	360	1	rodian_sif			0
9815498	3.811975002	-3.25	5.066823006	talus	9815428	360	1	trandoshan_sif			0
9815499	-2.404037952	-6.75	-6.82626009	talus	9815429	360	1	trandoshan_sif_02			0
9815500	-7.45740509	-6.75	-6.584403992	talus	9815429	100	1	rodian_sif_02			0
9815501	6.576031208	-6.766777039	-16.04996109	talus	9815430	360	1	trandoshan_sif_02			0
9815502	-4.274508953	-6.766777039	-15.23715305	talus	9815430	360	1	rodian_sif			0
9815503	5.177598953	-6.75	-2.125675917	talus	9815431	360	1	rodian_sif_02			0
9815504	5.31329298	-6.75	-7.817624092	talus	9815431	360	1	trandoshan_sif			0
9815505	-4.028298855	-13.75	-16.55225563	talus	9815433	3600	1	erran_sif			0
9815506	1.420052052	-13.75	-14.79106712	talus	9815433	3600	1	doak_sif			0
9815507	-6.906948566	-13.75	-13.0714817	talus	9815433	3600	1	hirsch_sif			0
9815508	-5.539885044	-13.75	0.494374007	talus	9815433	360	1	rodian_sif_02			0
9815509	0.2509	-13.75	0.777902007	talus	9815433	360	1	trandoshan_sif_02			0
1053332	2119.4	27.9468	1275.18	talus	0	900	3	painted_spat			0
1053338	-4480.24	22.6774	64.0774	talus	0	900	1	murra_blanca			0
1053339	-4804.96	16.5466	-4746.65	talus	0	900	1	murra_blanca			0
1053340	-3810.48	2.73602	-6486.62	talus	0	900	3	murra_blanca			0
1053341	911.502	80.6824	4643.62	talus	0	900	3	painted_spat			0
1053342	5199.15	30.5354	-1739	talus	0	900	3	painted_spat			0
1414952	-4918.28	66	-3110.45	talus	0	300	1	talus_ttlp_soldier			0
1414953	-4593.02	0.62	4347.52	talus	0	300	3	talus_ttlp_soldier	6		0
4886858	365	6	-286	talus	0	1	1	syren5_dak_ralter	1	conversation.c_story1_5	1
4887575	4370	2	5346	talus	0	1	1	syren5_officer_mkae	1	conversation.c_story1_5_rebel	1
6647925	684.687	13.8002	-3219.83	talus	0	1	1	coa_dathnaeya_loessin		conversation.talus_dearic_coa_dathnaeya_loessin	1
